17270510
78195330
41263170
56501502
33303437
15218362
26577056
93052379
53977949
68063312
69661360
66079369
09345644
49164331
58316345
33202693
92578491
80181759
50529021
61572665
69941022
66606763
05533227
66339242
92092602
21101793
24734748
51982587
01188251
85481128
71335084
64752559
44636977
83358710
33737472
64829153
31350648
54621560
10723097
78539111
84163812
28060839
73569885
20242957
87499394
85782748
07078325
07168958
88902639
01977306
16002851
29445095
02395772
48149697
41463774
71924953
64831705
56819073
17181696
65855111
39817363
37836680
13510432
99982299
40216068
56922619
45483041
91087954
08252427
11942398
44500459
11992416
41065887
13820918
90075830
09399559
09947116
13216347
25608283
86677926
70116182
38238004
06404798
98643461
37367070
34052853
55185022
67104495
89600226
26657189
21694920
24287239
46043119
86050091
42086851
12114452
37108421
99348405
47206618
10570343
86573684
04743663
23201799
77461952
33338619
17572538
55672468
46758605
26559458
34527407
47624139
91279946
72839001
79617444
09735328
07255753
29546477
86252128
78786338
91633076
58193332
18546793
04464792
77629869
37165667
70094131
16777200
51527867
85725542
36946801
60655097
62498126
94577725
72412579
86787390
46300403
25872540
09880799
15572662
33075675
00606906
61048117
23997277
38819340
32359438
00124196
07149509
64400838
10074659
92335090